28 35
11 15
16 15
11 17
16 17
13 25
12 15
15 15
11 17
16 17
12 25
13 15
14 15
11 17
16 17
11 25
14 15
14 14
11 17
16 17
10 25
14 14
14 13
11 17
16 17
9 25
14 13
13 13
11 17
16 17
9 26
15 13
12 13
11 17
16 17
9 27
15 12
12 12
11 17
16 17
9 28
15 11
12 11
11 17
16 17
10 28
15 10
12 10
11 17
16 17
11 28
16 10
11 10
11 17
16 17
12 28
17 10
10 10
11 17
16 17
12 29
18 10
9 10
11 17
16 17
12 30
18 9
9 9
11 17
16 17
12 31
18 8
9 8
11 17
16 17
11 31
18 7
9 7
11 17
16 17
10 31
19 7
8 7
11 17
16 17
9 31
20 7
7 7
11 17
16 17
8 31
21 7
6 7
11 17
16 17
7 31
21 6
6 6
11 17
16 17
6 31
21 5
6 5
11 17
16 17
5 31
21 4
6 4
11 17
16 17
4 31
21 3
6 3
11 17
16 17
3 31
20 3
5 3
11 17
16 17
2 31
19 3
4 3
11 17
16 17
1 31
18 3
3 3
11 17
16 17
1 30
17 3
2 3
11 17
16 17
1 29
16 3
1 3
11 17
16 17
1 28
15 3
1 4
11 17
16 17
2 28
15 4
1 5
11 17
16 17
3 28
15 5
1 6
11 17
16 17
4 28
15 6
1 7
12 17
16 17
5 28
15 7
2 7
13 17
16 17
6 28
16 7
3 7
13 18
16 17
6 27
17 7
4 7
13 19
16 17
6 26
18 7
5 7
14 19
16 17
6 25
19 7
6 7
15 19
16 17
7 25
20 7
6 6
16 19
16 17
8 25
21 7
6 5
17 19
16 17
9 25
21 6
6 4
18 19
16 17
9 26
21 5
6 3
18 20
16 17
9 27
21 4
5 3
18 21
16 17
9 28
21 3
4 3
18 22
16 17
10 28
22 3
3 3
19 22
16 17
11 28
23 3
2 3
20 22
16 17
12 28
24 3
1 3
21 22
16 17
12 29
25 3
1 4
21 23
16 17
12 30
26 3
1 5
21 24
16 17
12 31
26 4
1 6
21 25
16 17
11 31
26 5
1 7
21 26
16 17
10 31
26 6
2 7
21 27
16 17
9 31
26 7
3 7
21 28
16 17
8 31
26 8
4 7
22 28
16 17
7 31
26 9
5 7
23 28
16 17
6 31
26 10
6 7
24 28
16 17
5 31
25 10
6 8
24 27
16 17
4 31
24 10
6 9
24 26
16 17
3 31
23 10
6 10
24 25
16 17
2 31
22 10
6 11
25 25
16 17
1 31
21 10
6 12
26 25
16 17
1 30
21 11
6 13
26 24
16 17
1 29
21 12
6 14
26 23
16 17
1 28
21 13
6 15
26 22
16 17
2 28
21 14
6 16
25 22
16 17
3 28
21 15
6 17
24 22
16 17
4 28
21 16
6 18
23 22
16 17
5 28
21 17
6 19
22 22
16 17
6 28
21 18
6 20
21 22
16 17
6 27
21 19
6 21
20 22
16 17
6 26
21 20
6 22
19 22
16 17
6 25
21 21
6 23
18 22
16 17
6 24
21 22
6 24
17 22
16 17
6 25
22 22
6 25
16 22
16 17
6 26
23 22
7 25
15 22
16 17
6 27
24 22
8 25
15 23
16 17
6 28
25 22
9 25
15 24
16 17
5 28
26 22
10 25
15 25
16 17
4 28
26 23
11 25
16 25
16 17
3 28
26 24
12 25
17 25
16 17
2 28
26 25
12 24
18 25
16 17
1 28
25 25
12 23
19 25
16 17
1 29
24 25
12 22
20 25
16 17
1 30
24 26
11 22
21 25
16 17
1 31
24 27
10 22
21 26
16 17
2 31
24 28
9 22
21 27
16 17
3 31
23 28
8 22
21 28
16 17
4 31
22 28
7 22
22 28
16 17
5 31
21 28
6 22
23 28
16 17
6 31
21 27
6 23
24 28
16 17
7 31
21 26
6 24
24 27
16 17
8 31
21 25
6 25
24 26
16 17
9 31
20 25
6 26
24 25
16 17
10 31
19 25
6 27
25 25
16 17
11 31
18 25
6 28
26 25
16 17
12 31
17 25
5 28
26 24
16 17
12 30
16 25
4 28
26 23
16 17
12 29
15 25
3 28
26 22
16 17
12 28
14 25
3 27
25 22
16 17
11 28
13 25
3 26
24 22
16 17
10 28
12 25
3 25
23 22
16 17
9 28
11 25
2 25
22 22
16 17
9 27
10 25
1 25
21 22
16 17
9 26
