28 35
12 13
13 13
14 13
15 13
13 25
13 13
12 13
14 13
15 13
12 25
14 13
12 12
14 13
15 13
12 24
15 13
12 11
14 13
15 13
12 23
15 12
12 10
14 13
15 13
12 22
15 11
11 10
14 13
15 13
11 22
15 10
10 10
14 13
15 13
10 22
16 10
9 10
14 13
15 13
9 22
17 10
9  9
14 13
15 13
9 21
18 10
9  8
14 13
15 13
9 20
18  9
9  7
14 13
15 13
9 19
18  8
8  7
14 13
15 13
10 19
18  7
7  7
14 13
15 13
11 19
19  7
6  7
14 13
15 13
12 19
20  7
6  6
14 13
15 13
13 19
21  7
6  5
14 13
15 13
14 19
21  6
6  4
14 13
15 13
15 19
21  5
6  3
14 13
15 13
16 19
21  4
5  3
14 13
15 13
17 19
21  3
4  3
14 13
15 13
18 19
22  3
3  3
14 13
15 13
18 18
23  3
2  3
14 13
15 13
18 17
24  3
1  3
14 13
15 13
18 16
25  3
1  4
14 13
15 13
19 16
26  3
1  5
14 13
15 13
20 16
26  4
1  6
14 13
15 13
21 16
26  5
1  7
14 13
15 13
22 16
26  6
2  7
14 13
15 13
23 16
26  7
3  7
14 13
15 13
24 16
26  8
4  7
14 13
15 13
25 16
26  9
5  7
14 13
15 13
26 16
26 10
6  7
15 13
15 13
27 16
25 10
6  6
16 13
15 13
0 16
24 10
6  5
17 13
15 13
1 16
23 10
6  4
18 13
15 13
2 16
22 10
6  3
18 14
15 13
3 16
21 10
5  3
18 15
15 13
4 16
21  9
4  3
18 16
15 13
5 16
21  8
3  3
18 17
15 13
6 16
21  7
2  3
18 18
15 13
6 17
21  6
1  3
18 19
15 13
6 18
21  5
1  4
18 20
15 13
6 19
21  4
1  5
18 21
15 13
6 20
21  3
1  6
18 22
15 13
6 21
22  3
1  7
19 22
15 13
6 22
23  3
2  7
20 22
15 13
6 23
24  3
3  7
21 22
15 13
6 24
25  3
4  7
21 23
15 13
6 25
26  3
5  7
21 24
15 13
7 25
26  4
6  7
21 25
15 13
8 25
26  5
6  6
21 26
15 13
9 25
26  6
6  5
21 27
15 13
9 26
26  7
6  4
21 28
15 13
9 27
26  8
6  3
22 28
15 13
9 28
26  9
7  3
23 28
15 13
10 28
26 10
8  3
24 28
15 13
11 28
25 10
9  3
24 27
15 13
12 28
24 10
10  3
24 26
15 13
12 29
23 10
11  3
24 25
15 13
12 30
22 10
12  3
25 25
15 13
12 31
21 10
12  4
26 25
15 13
11 31
21 11
12  5
26 24
15 13
10 31
21 12
12  6
26 23
15 13
9 31
21 13
12  7
26 22
15 13
8 31
21 14
11  7
25 22
15 13
7 31
21 15
10  7
24 22
15 13
6 31
21 16
9  7
23 22
15 13
5 31
20 16
9  8
22 22
15 13
4 31
19 16
9  9
21 22
15 13
3 31
18 16
9 10
20 22
15 13
2 31
18 17
10 10
19 22
15 13
1 31
18 18
11 10
18 22
15 13
1 30
18 19
12 10
17 22
15 13
1 29
17 19
12 11
16 22
15 13
1 28
16 19
12 12
15 22
15 13
2 28
15 19
12 13
15 23
15 13
3 28
14 19
11 13
15 24
15 13
3 27
13 19
10 13
15 25
15 13
3 26
12 19
9 13
16 25
15 13
3 25
11 19
9 14
17 25
15 13
2 25
10 19
9 15
18 25
15 13
1 25
9 19
9 16
19 25
15 13
1 24
9 20
8 16
20 25
15 13
1 23
9 21
7 16
21 25
15 13
1 22
9 22
6 16
21 24
15 13
2 22
8 22
6 17
21 23
15 13
3 22
7 22
6 18
21 22
15 13
4 22
6 22
6 19
20 22
15 13
5 22
